"day"	"cell"	"techrep"	"biorep"	"well"	"order"	"sample"	"Curve"	"b0"	"b0.se"	"A"	"A.se"	"umax"	"umax.se"	"L"	"L.se"	"RSME"	"CV"	"outlier"	"gen"
0	"nm"	1	1	"B2"	2	"NM_g0_pop1_rep1"	"B2"	0.9469	0.00567	0.866	0.00807	0.1632	0.00557	7.1226	0.11693	0.028	1.946	0	0
20	"nm"	1	1	"B3"	3	"NM_g133_pop1_rep1"	"B3"	0.9654	0.00688	0.5992	0.01259	0.1035	0.00521	5.0786	0.19334	0.0269	2.034	0	133
40	"nm"	1	1	"B4"	4	"NM_g266_pop1_rep1"	"B4"	0.9483	0.0066	0.7471	0.02246	0.1071	0.00506	6.0623	0.18938	0.0277	2.113	0	266
60	"nm"	1	1	"B5"	5	"NM_g399_pop1_rep1"	"B5"	0.957	0.00831	0.941	0.04211	0.1177	0.00513	5.1939	0.19222	0.0303	2.211	0	399
100	"nm"	1	1	"B6"	6	"NM_g666_pop1_rep1"	"B6"	0.946	0.00688	0.6093	0.00834	0.1675	0.00932	5.7419	0.14413	0.0308	2.278	0	666
140	"nm"	1	1	"B7"	7	"NM_g932_pop1_rep1"	"B7"	0.9569	0.00939	0.751	0.01186	0.1402	0.00734	4.834	0.18968	0.0371	2.555	0	932
200	"nm"	1	1	"B8"	8	"NM_g1331_pop1_rep1"	"B8"	0.8953	0.01475	0.7208	0.01896	0.1277	0.01139	4.0878	0.32045	0.0526	3.784	0	1331
240	"nm"	1	1	"B9"	9	"NM_g1598_pop1_rep1"	"B9"	0.9599	0.00569	0.6949	0.01032	0.1463	0.0058	4.8851	0.11916	0.0228	1.762	0	1598
280	"nm"	1	1	"B10"	10	"NM_g1864_pop1_rep1"	"B10"	0.9223	0.01899	0.8651	0.02731	0.0973	0.00639	3.1605	0.40186	0.0541	3.65	0	1864
1000	"jcvi"	1	1	"B11"	11	"NM_jcvi_pop1_rep1"	"B11"	0.9862	0.00615	0.9011	0.01027	0.1339	0.00468	7.7007	0.14766	0.031	2.141	0	6657
0	"nm"	2	1	"C2"	12	"NM_g0_pop1_rep2"	"C2"	0.9367	0.00613	0.8647	0.0092	0.1463	0.00535	7.1279	0.13588	0.0301	2.128	0	0
20	"nm"	2	1	"C3"	13	"NM_g133_pop1_rep2"	"C3"	0.9558	0.00766	0.5946	0.01478	0.0863	0.0041	4.3073	0.22439	0.0261	1.993	0	133
40	"nm"	2	1	"C4"	14	"NM_g266_pop1_rep2"	"C4"	0.9386	0.00643	0.7984	0.0253	0.1106	0.00476	5.9696	0.17335	0.0268	2.043	0	266
60	"nm"	2	1	"C5"	15	"NM_g399_pop1_rep2"	"C5"	0.9469	0.0079	0.906	0.03607	0.1008	0.00372	4.8487	0.19151	0.0272	2.008	0	399
100	"nm"	2	1	"C6"	16	"NM_g666_pop1_rep2"	"C6"	0.9377	0.00925	0.6273	0.01127	0.1743	0.01331	5.7196	0.19106	0.0413	3.044	0	666
140	"nm"	2	1	"C7"	17	"NM_g932_pop1_rep2"	"C7"	0.9518	0.01032	0.7265	0.01311	0.1487	0.00993	5.2097	0.2146	0.043	3.008	0	932
200	"nm"	2	1	"C8"	18	"NM_g1331_pop1_rep2"	"C8"	0.8903	0.01199	0.7378	0.01559	0.1214	0.00797	4.2971	0.25758	0.0443	3.207	0	1331
240	"nm"	2	1	"C9"	19	"NM_g1598_pop1_rep2"	"C9"	0.9458	0.00575	0.6974	0.01162	0.1511	0.00665	5.6785	0.12538	0.0252	2.018	0	1598
280	"nm"	2	1	"C10"	20	"NM_g1864_pop1_rep2"	"C10"	0.9316	0.01837	0.7857	0.02599	0.1173	0.01238	4.1084	0.42105	0.0651	4.493	0	1864
1000	"jcvi"	2	1	"C11"	21	"NM_jcvi_pop1_rep3"	"C11"	0.97	0.00534	0.8411	0.00878	0.1534	0.00566	9.131	0.12916	0.0301	2.193	0	6657
0	"nm"	3	1	"D2"	22	"NM_g0_pop1_rep3"	"D2"	0.9467	0.00627	0.8728	0.00957	0.1504	0.00578	7.482	0.13995	0.0317	2.231	0	0
20	"nm"	3	1	"D3"	23	"NM_g133_pop1_rep3"	"D3"	0.9801	0.01035	0.6293	0.01221	0.1412	0.00904	4.7184	0.21745	0.0401	2.836	0	133
40	"nm"	3	1	"D4"	24	"NM_g266_pop1_rep3"	"D4"	0.943	0.00742	0.8092	0.02961	0.1087	0.00525	5.8521	0.20353	0.0298	2.261	0	266
60	"nm"	3	1	"D5"	25	"NM_g399_pop1_rep3"	"D5"	0.9569	0.01384	0.8821	0.01949	0.1276	0.00819	4.9963	0.29466	0.0531	3.539	0	399
100	"nm"	3	1	"D6"	26	"NM_g666_pop1_rep3"	"D6"	0.9397	0.00816	0.7066	0.01044	0.1421	0.0077	5.2298	0.17284	0.0344	2.456	0	666
140	"nm"	3	1	"D7"	27	"NM_g932_pop1_rep3"	"D7"	0.9424	0.01462	0.7349	0.01845	0.1345	0.01135	4.2176	0.30566	0.0526	3.641	0	932
200	"nm"	3	1	"D8"	28	"NM_g1331_pop1_rep3"	"D8"	0.8694	0.01052	0.7566	0.01559	0.097	0.00526	4.5339	0.25552	0.0402	3.015	0	1331
240	"nm"	3	1	"D9"	29	"NM_g1598_pop1_rep3"	"D9"	0.9457	0.00494	0.6537	0.00908	0.1574	0.00645	5.6333	0.10605	0.0219	1.759	0	1598
280	"nm"	3	1	"D10"	30	"NM_g1864_pop1_rep3"	"D10"	0.9377	0.01857	0.7789	0.0257	0.1168	0.01205	3.7903	0.41537	0.0627	4.29	0	1864
1000	"jcvi"	3	1	"D11"	31	"NM_jcvi_pop1_rep2"	"D11"	0.9722	0.00572	0.8406	0.00941	0.1478	0.0057	8.9273	0.14095	0.0317	2.299	0	6657
10	"nm"	1	1	"E2"	32	"NM_g66_pop1_rep1"	"E2"	0.9267	0.00552	0.751	0.01049	0.0819	0.00255	6.3158	0.17695	0.0238	1.817	0	67
30	"nm"	1	1	"E3"	33	"NM_g200_pop1_rep1"	"E3"	0.9599	0.00776	0.6078	0.01007	0.1291	0.00816	6.3825	0.21115	0.0352	2.644	0	200
50	"nm"	1	1	"E4"	34	"NM_g333_pop1_rep1"	"E4"	0.92	0.0041	0.8234	0.0179	0.122	0.00428	9.2087	0.12416	0.0227	1.827	0	333
80	"nm"	1	1	"E5"	35	"NM_g533_pop1_rep1"	"E5"	0.955	0.00795	0.899	0.0341	0.1096	0.00423	4.6271	0.18315	0.027	1.962	0	533
120	"nm"	1	1	"E6"	36	"NM_g799_pop1_rep1"	"E6"	0.925	0.00971	0.673	0.01249	0.1451	0.01093	5.3329	0.21913	0.0414	3.025	0	799
160	"nm"	1	1	"E7"	37	"NM_g1065_pop1_rep1"	"E7"	0.9412	0.01057	0.7812	0.01424	0.1396	0.00906	5.2363	0.22027	0.0447	3.105	0	1065
220	"nm"	1	1	"E8"	38	"NM_g1464_pop1_rep1"	"E8"	0.8762	0.00903	0.7128	0.01279	0.1064	0.0058	5.0713	0.22299	0.037	2.812	0	1464
260	"nm"	1	1	"E9"	39	"NM_g1731_pop1_rep1"	"E9"	0.9436	0.00573	0.6562	0.01188	0.1455	0.00709	5.9186	0.13558	0.0256	2.098	0	1731
300	"nm"	1	1	"E10"	40	"NM_g1997_pop1_rep1"	"E10"	0.9327	0.00464	0.7234	0.01269	0.1238	0.00416	5.7047	0.1135	0.02	1.643	0	1997
10	"nm"	2	1	"F2"	41	"NM_g66_pop1_rep2"	"F2"	0.9166	0.00614	0.8626	0.0144	0.068	0.00159	5.3084	0.19167	0.0221	1.668	0	67
30	"nm"	2	1	"F3"	42	"NM_g200_pop1_rep2"	"F3"	0.9515	0.007	0.847	0.02959	0.1329	0.00623	5.634	0.16355	0.0286	2.074	0	200
50	"nm"	2	1	"F4"	43	"NM_g333_pop1_rep2"	"F4"	0.9242	0.00438	0.9077	0.0198	0.13	0.0043	9.1385	0.12033	0.0242	1.891	0	333
80	"nm"	2	1	"F5"	44	"NM_g533_pop1_rep2"	"F5"	0.9566	0.00799	0.8988	0.03386	0.12	0.00512	4.8224	0.1811	0.0282	2.035	0	533
120	"nm"	2	1	"F6"	45	"NM_g799_pop1_rep2"	"F6"	0.9595	0.01344	0.7318	0.01613	0.1973	0.01828	5.0625	0.23596	0.0557	3.801	0	799
160	"nm"	2	1	"F7"	46	"NM_g1065_pop1_rep2"	"F7"	0.8825	0.01379	0.8004	0.01998	0.097	0.00579	3.7409	0.31494	0.0455	3.269	0	1065
220	"nm"	2	1	"F8"	47	"NM_g1464_pop1_rep2"	"F8"	0.892	0.01064	0.7015	0.01435	0.1178	0.00808	4.8756	0.25006	0.0429	3.192	0	1464
260	"nm"	2	1	"F9"	48	"NM_g1731_pop1_rep2"	"F9"	0.936	0.0044	0.6371	0.00956	0.1379	0.00541	5.9156	0.10815	0.0198	1.647	0	1731
300	"nm"	2	1	"F10"	49	"NM_g1997_pop1_rep2"	"F10"	0.9364	0.00481	0.6994	0.01103	0.1461	0.0057	6.012	0.11067	0.0218	1.784	0	1997
10	"nm"	3	1	"G2"	50	"NM_g66_pop1_rep3"	"G2"	0.9274	0.0047	0.8272	0.00958	0.0821	0.00187	6.095	0.13912	0.0199	1.488	0	67
30	"nm"	3	1	"G3"	51	"NM_g200_pop1_rep3"	"G3"	0.9577	0.0072	0.7126	0.01362	0.1461	0.00755	5.5935	0.16179	0.0306	2.209	0	200
50	"nm"	3	1	"G4"	52	"NM_g333_pop1_rep3"	"G4"	0.9412	0.00521	1.0131	0.04329	0.1238	0.00465	9.2737	0.14732	0.0277	2.165	0	333
80	"nm"	3	1	"G5"	53	"NM_g533_pop1_rep3"	"G5"	0.9708	0.00611	0.7754	0.01909	0.1314	0.00558	5.297	0.14353	0.0245	1.782	0	533
120	"nm"	3	1	"G6"	54	"NM_g799_pop1_rep3"	"G6"	0.9468	0.01458	0.731	0.01931	0.1166	0.00968	3.9153	0.32945	0.0501	3.472	0	799
160	"nm"	3	1	"G7"	55	"NM_g1065_pop1_rep3"	"G7"	0.9313	0.02266	0.8742	0.0326	0.0964	0.00717	2.805	0.47316	0.0585	3.888	0	1065
220	"nm"	3	1	"G8"	56	"NM_g1464_pop1_rep3"	"G8"	0.8738	0.01647	0.7753	0.02435	0.0935	0.00714	3.6084	0.39732	0.0528	3.847	0	1464
260	"nm"	3	1	"G9"	57	"NM_g1731_pop1_rep3"	"G9"	0.9621	0.00573	0.6711	0.00958	0.1668	0.00736	5.1696	0.11378	0.0242	1.874	0	1731
300	"nm"	3	1	"G10"	58	"NM_g1997_pop1_rep3"	"G10"	0.9583	0.00443	0.6875	0.01029	0.1231	0.00399	5.2116	0.10761	0.0181	1.445	0	1997
0	"nm"	1	2	"B2"	2	"NM_g0_pop2_rep1"	"B2"	0.9483	0.00496	0.8755	0.00827	0.1267	0.00355	7.2176	0.11827	0.0243	1.734	0	0
20	"nm"	1	2	"B3"	3	"NM_g133_pop2_rep1"	"B3"	0.9132	0.01371	0.9126	0.02206	0.109	0.00655	4.6717	0.30062	0.0522	3.592	0	133
40	"nm"	1	2	"B4"	4	"NM_g266_pop2_rep1"	"B4"	0.9314	0.01121	0.7427	0.01528	0.1512	0.01225	6.432	0.2574	0.052	3.778	1	266
60	"nm"	1	2	"B5"	5	"NM_g399_pop2_rep1"	"B5"	0.9255	0.01649	0.7968	0.02458	0.1323	0.01487	5.7297	0.39746	0.0714	5.077	0	399
100	"nm"	1	2	"B6"	6	"NM_g666_pop2_rep1"	"B6"	0.9387	0.01453	0.8136	0.02082	0.146	0.01431	5.8696	0.33267	0.0634	4.419	0	666
140	"nm"	1	2	"B7"	7	"NM_g932_pop2_rep1"	"B7"	0.9312	0.00952	0.6418	0.01225	0.1535	0.01186	6.4345	0.22107	0.0448	3.375	0	932
200	"nm"	1	2	"B8"	8	"NM_g1331_pop2_rep1"	"B8"	0.9378	0.00849	0.7958	0.01174	0.1483	0.00789	6.3503	0.18626	0.039	2.767	0	1331
240	"nm"	1	2	"B9"	9	"NM_g1598_pop2_rep1"	"B9"	0.9512	0.01145	0.7638	0.01419	0.2412	0.02154	6.6227	0.20551	0.0545	3.796	0	1598
280	"nm"	1	2	"B10"	10	"NM_g1864_pop2_rep1"	"B10"	0.9411	0.00719	0.9369	0.03017	0.1754	0.00902	6.4423	0.14764	0.0327	2.331	0	1864
1000	"jcvi"	1	2	"B11"	11	"NM_jcvi_pop2_rep1"	"B11"	0.8993	0.00196	0.6078	0.00925	0.077	0.00193	12.7678	0.10038	0.013	1.222	1	6657
0	"nm"	2	2	"C2"	12	"NM_g0_pop2_rep2"	"C2"	0.9409	0.00485	0.8896	0.00881	0.114	0.00293	7.1941	0.12164	0.0235	1.698	0	0
20	"nm"	2	2	"C3"	13	"NM_g133_pop2_rep2"	"C3"	0.9114	0.0121	0.8211	0.01855	0.1057	0.00644	4.5878	0.2823	0.046	3.259	0	133
40	"nm"	2	2	"C4"	14	"NM_g266_pop2_rep2"	"C4"	0.9396	0.01135	0.7802	0.01475	0.1792	0.01364	6.4345	0.2259	0.0531	3.739	0	266
60	"nm"	2	2	"C5"	15	"NM_g399_pop2_rep2"	"C5"	0.9139	0.01702	0.8174	0.02719	0.1215	0.01361	5.5841	0.42966	0.072	5.149	0	399
100	"nm"	2	2	"C6"	16	"NM_g666_pop2_rep2"	"C6"	0.9115	0.01292	0.788	0.0202	0.1136	0.00914	5.5066	0.32299	0.055	3.991	0	666
140	"nm"	2	2	"C7"	17	"NM_g932_pop2_rep2"	"C7"	0.9354	0.01308	0.675	0.0159	0.189	0.01812	5.989	0.25363	0.0592	4.301	0	932
200	"nm"	2	2	"C8"	18	"NM_g1331_pop2_rep2"	"C8"	0.938	0.01019	0.7705	0.01311	0.1806	0.01238	6.5225	0.20789	0.0473	3.356	0	1331
240	"nm"	2	2	"C9"	19	"NM_g1598_pop2_rep2"	"C9"	0.928	0.00881	0.7649	0.01172	0.1712	0.01051	6.8222	0.18576	0.0425	3.07	0	1598
280	"nm"	2	2	"C10"	20	"NM_g1864_pop2_rep2"	"C10"	0.9299	0.00754	1.0191	0.03591	0.1856	0.00899	6.0338	0.14025	0.0329	2.294	0	1864
1000	"jcvi"	2	2	"C11"	21	"NM_jcvi_pop2_rep2"	"C11"	0.902	0.00275	0.6113	0.00909	0.0917	0.00314	12.5804	0.1255	0.0182	1.675	0	6657
0	"nm"	3	2	"D2"	22	"NM_g0_pop2_rep3"	"D2"	0.9474	0.00646	0.8378	0.0092	0.1443	0.0053	6.447	0.13596	0.0303	2.112	0	0
20	"nm"	3	2	"D3"	23	"NM_g133_pop2_rep3"	"D3"	0.9143	0.01048	0.814	0.01541	0.1112	0.00591	4.6712	0.23667	0.0404	2.856	0	133
40	"nm"	3	2	"D4"	24	"NM_g266_pop2_rep3"	"D4"	0.9256	0.0109	0.7812	0.0146	0.1633	0.01197	6.3456	0.22953	0.0505	3.604	0	266
60	"nm"	3	2	"D5"	25	"NM_g399_pop2_rep3"	"D5"	0.9121	0.02169	0.8783	0.03306	0.1094	0.0106	3.9081	0.48604	0.071	4.836	0	399
100	"nm"	3	2	"D6"	26	"NM_g666_pop2_rep3"	"D6"	0.9209	0.0142	0.8	0.0197	0.1489	0.01442	5.3373	0.30728	0.0599	4.193	0	666
140	"nm"	3	2	"D7"	27	"NM_g932_pop2_rep3"	"D7"	0.9389	0.01744	0.7272	0.0212	0.2035	0.02526	5.7477	0.31861	0.0769	5.417	0	932
200	"nm"	3	2	"D8"	28	"NM_g1331_pop2_rep3"	"D8"	0.9375	0.00901	0.7565	0.01166	0.1624	0.00937	6.2113	0.18653	0.041	2.922	0	1331
240	"nm"	3	2	"D9"	29	"NM_g1598_pop2_rep3"	"D9"	0.9427	0.00974	0.7606	0.01269	0.1788	0.01226	6.74	0.20446	0.0462	3.293	0	1598
280	"nm"	3	2	"D10"	30	"NM_g1864_pop2_rep3"	"D10"	0.9412	0.0093	1.0837	0.05206	0.1504	0.00655	4.8099	0.16896	0.0332	2.263	0	1864
1000	"jcvi"	3	2	"D11"	31	"NM_jcvi_pop2_rep3"	"D11"	0.9001	0.00262	0.5839	0.00842	0.0857	0.00285	12.2707	0.12496	0.0171	1.579	0	6657
10	"nm"	1	2	"E2"	32	"NM_g66_pop2_rep1"	"E2"	0.9286	0.00643	1.0337	0.02671	0.1344	0.00448	6.5477	0.13956	0.0287	2.028	0	67
30	"nm"	1	2	"E3"	33	"NM_g200_pop2_rep1"	"E3"	0.9144	0.01419	0.8134	0.02109	0.1229	0.01043	5.0634	0.33093	0.0571	4.033	0	200
50	"nm"	1	2	"E4"	34	"NM_g333_pop2_rep1"	"E4"	0.9524	0.01103	0.7341	0.01437	0.1547	0.01095	6.4973	0.23948	0.0513	3.678	0	333
80	"nm"	1	2	"E5"	35	"NM_g533_pop2_rep1"	"E5"	0.903	0.01436	0.7892	0.0216	0.1175	0.01049	4.9837	0.34799	0.0574	4.129	0	533
120	"nm"	1	2	"E6"	36	"NM_g799_pop2_rep1"	"E6"	0.9176	0.01735	0.7004	0.02411	0.1251	0.01628	5.1816	0.44827	0.0697	5.115	0	799
160	"nm"	1	2	"E7"	37	"NM_g1065_pop2_rep1"	"E7"	0.9349	0.01092	0.6379	0.0133	0.1886	0.01665	6.1509	0.22126	0.0503	3.728	0	1065
220	"nm"	1	2	"E8"	38	"NM_g1464_pop2_rep1"	"E8"	0.9251	0.00782	0.7529	0.01037	0.17	0.0092	6.9146	0.16395	0.0382	2.784	0	1464
260	"nm"	1	2	"E9"	39	"NM_g1731_pop2_rep1"	"E9"	0.9583	0.01034	0.7601	0.01349	0.1612	0.01096	6.4761	0.23169	0.0466	3.29	0	1731
300	"nm"	1	2	"E10"	40	"NM_g1997_pop2_rep1"	"E10"	0.9322	0.00849	0.7086	0.01056	0.1892	0.01139	6.3182	0.16135	0.0399	2.886	0	1997
10	"nm"	2	2	"F2"	41	"NM_g66_pop2_rep2"	"F2"	0.9297	0.0074	0.8648	0.0228	0.1334	0.00674	7.1033	0.19049	0.0345	2.543	0	67
30	"nm"	2	2	"F3"	42	"NM_g200_pop2_rep2"	"F3"	0.9196	0.01356	0.7961	0.01968	0.1248	0.01031	5.1157	0.31706	0.0547	3.87	0	200
50	"nm"	2	2	"F4"	43	"NM_g333_pop2_rep2"	"F4"	0.9517	0.01173	0.6985	0.01498	0.1615	0.01293	6.7246	0.25837	0.0555	4.044	0	333
80	"nm"	2	2	"F5"	44	"NM_g533_pop2_rep2"	"F5"	0.908	0.01486	0.7762	0.0221	0.1115	0.00981	4.6367	0.36605	0.0561	4.019	0	533
120	"nm"	2	2	"F6"	45	"NM_g799_pop2_rep2"	"F6"	0.9224	0.01747	0.7074	0.02631	0.1078	0.01371	4.8055	0.49323	0.066	4.824	0	799
160	"nm"	2	2	"F7"	46	"NM_g1065_pop2_rep2"	"F7"	0.9591	0.00969	0.6351	0.01231	0.146	0.01117	6.2116	0.23933	0.0434	3.205	0	1065
220	"nm"	2	2	"F8"	47	"NM_g1464_pop2_rep2"	"F8"	0.9325	0.00839	0.7637	0.01104	0.1642	0.00896	6.5425	0.17398	0.0396	2.84	0	1464
260	"nm"	2	2	"F9"	48	"NM_g1731_pop2_rep2"	"F9"	0.9483	0.01099	0.7837	0.01396	0.1754	0.01181	6.2325	0.21906	0.0495	3.447	0	1731
300	"nm"	2	2	"F10"	49	"NM_g1997_pop2_rep2"	"F10"	0.9362	0.00701	0.7301	0.00926	0.1649	0.00804	6.9132	0.14901	0.0343	2.507	0	1997
10	"nm"	3	2	"G2"	50	"NM_g66_pop2_rep3"	"G2"	0.9371	0.00647	0.8608	0.02819	0.1144	0.00471	6.4286	0.16899	0.0283	2.107	0	67
30	"nm"	3	2	"G3"	51	"NM_g200_pop2_rep3"	"G3"	0.9422	0.01767	0.8301	0.02401	0.1582	0.01806	5.2301	0.36729	0.0725	4.908	0	200
50	"nm"	3	2	"G4"	52	"NM_g333_pop2_rep3"	"G4"	0.9644	0.01138	0.6979	0.01432	0.1701	0.01326	6.5885	0.23937	0.0536	3.846	0	333
80	"nm"	3	2	"G5"	53	"NM_g533_pop2_rep3"	"G5"	0.9234	0.01702	0.785	0.02546	0.1078	0.01026	4.364	0.41658	0.0615	4.336	0	533
120	"nm"	3	2	"G6"	54	"NM_g799_pop2_rep3"	"G6"	0.9534	0.01466	0.6554	0.01775	0.1674	0.01857	5.1494	0.30647	0.06	4.293	0	799
160	"nm"	3	2	"G7"	55	"NM_g1065_pop2_rep3"	"G7"	0.9489	0.01068	0.631	0.0128	0.1658	0.01283	5.5366	0.22273	0.0457	3.341	0	1065
220	"nm"	3	2	"G8"	56	"NM_g1464_pop2_rep3"	"G8"	0.9432	0.00894	0.779	0.0118	0.1484	0.00794	5.7191	0.18578	0.0389	2.725	0	1464
260	"nm"	3	2	"G9"	57	"NM_g1731_pop2_rep3"	"G9"	0.95	0.00718	0.7464	0.00969	0.1355	0.00599	5.9654	0.1619	0.0319	2.274	0	1731
300	"nm"	3	2	"G10"	58	"NM_g1997_pop2_rep3"	"G10"	0.9464	0.00764	0.9231	0.02561	0.1499	0.00626	5.0153	0.14713	0.0298	2.051	0	1997
0	"nm"	1	3	"B2"	2	"NM_g0_pop3_rep1"	"B2"	0.943	0.00542	0.821	0.00825	0.1259	0.00391	6.6575	0.12984	0.0253	1.808	0	0
20	"nm"	1	3	"B3"	3	"NM_g133_pop3_rep1"	"B3"	0.9165	0.00853	0.804	0.01258	0.1108	0.00485	5.0622	0.19449	0.0347	2.476	1	133
40	"nm"	1	3	"B4"	4	"NM_g266_pop3_rep1"	"B4"	0.9233	0.01019	0.7534	0.01438	0.1457	0.01067	6.7239	0.24108	0.0485	3.562	1	266
60	"nm"	1	3	"B5"	5	"NM_g399_pop3_rep1"	"B5"	0.9243	0.00357	0.8018	0.01598	0.1162	0.00298	6.2946	0.09287	0.0159	1.343	0	399
100	"nm"	1	3	"B6"	6	"NM_g666_pop3_rep1"	"B6"	0.9336	0.00558	0.7901	0.00837	0.1488	0.00563	8.0189	0.13054	0.0294	2.182	0	666
140	"nm"	1	3	"B7"	7	"NM_g932_pop3_rep1"	"B7"	0.9451	0.00731	0.7683	0.01	0.1163	0.00436	5.0636	0.1642	0.0293	2.064	1	932
200	"nm"	1	3	"B8"	8	"NM_g1331_pop3_rep1"	"B8"	0.9305	0.00605	0.7623	0.00868	0.1385	0.00549	6.9679	0.14019	0.0296	2.178	0	1331
240	"nm"	1	3	"B9"	9	"NM_g1598_pop3_rep1"	"B9"	0.9368	0.00606	0.7234	0.01651	0.1227	0.00531	5.4708	0.15086	0.025	1.89	0	1598
280	"nm"	1	3	"B10"	10	"NM_g1864_pop3_rep1"	"B10"	0.9491	0.01079	0.8167	0.01434	0.1997	0.01576	6.7958	0.21015	0.0523	3.621	0	1864
1000	"jcvi"	1	3	"B11"	11	"NM_jcvi_pop3_rep1"	"B11"	0.9396	0.00593	0.788	0.00994	0.1655	0.0086	9.7124	0.15401	0.0347	2.653	0	6657
0	"nm"	2	3	"C2"	12	"NM_g0_pop3_rep2"	"C2"	0.9314	0.00531	0.8317	0.00841	0.1396	0.0048	7.6845	0.12815	0.0271	1.983	0	0
20	"nm"	2	3	"C3"	13	"NM_g133_pop3_rep2"	"C3"	0.9114	0.01438	0.7887	0.02288	0.0967	0.00726	4.482	0.36373	0.0532	3.836	0	133
40	"nm"	2	3	"C4"	14	"NM_g266_pop3_rep2"	"C4"	0.9283	0.01183	0.7713	0.01651	0.1445	0.0115	6.3485	0.27289	0.0542	3.911	1	266
60	"nm"	2	3	"C5"	15	"NM_g399_pop3_rep2"	"C5"	0.9344	0.00552	0.8144	0.01368	0.1468	0.00514	5.6106	0.11436	0.0238	1.877	0	399
100	"nm"	2	3	"C6"	16	"NM_g666_pop3_rep2"	"C6"	0.9278	0.00662	0.7392	0.00921	0.1581	0.00771	7.41	0.15047	0.0337	2.501	0	666
140	"nm"	2	3	"C7"	17	"NM_g932_pop3_rep2"	"C7"	0.9284	0.00856	0.7148	0.01116	0.1483	0.00861	5.9169	0.18349	0.0386	2.807	1	932
200	"nm"	2	3	"C8"	18	"NM_g1331_pop3_rep2"	"C8"	0.9269	0.00608	0.7541	0.00905	0.1294	0.00525	7.0779	0.14952	0.0299	2.229	0	1331
240	"nm"	2	3	"C9"	19	"NM_g1598_pop3_rep2"	"C9"	0.9291	0.00625	0.7655	0.01988	0.1347	0.00614	5.6083	0.14802	0.0262	1.997	0	1598
280	"nm"	2	3	"C10"	20	"NM_g1864_pop3_rep2"	"C10"	0.9666	0.01392	0.808	0.01762	0.2049	0.01956	6.0052	0.25222	0.0629	4.237	0	1864
1000	"jcvi"	2	3	"C11"	21	"NM_jcvi_pop3_rep2"	"C11"	0.9482	0.0067	0.798	0.01009	0.2129	0.01317	9.479	0.14931	0.0392	2.903	0	6657
0	"nm"	3	3	"D2"	22	"NM_g0_pop3_rep3"	"D2"	0.9268	0.00416	0.801	0.00721	0.1075	0.00265	7.0897	0.11263	0.02	1.496	0	0
20	"nm"	3	3	"D3"	23	"NM_g133_pop3_rep3"	"D3"	0.9202	0.01233	0.7612	0.01781	0.1104	0.00779	4.6452	0.29639	0.0471	3.367	0	133
40	"nm"	3	3	"D4"	24	"NM_g266_pop3_rep3"	"D4"	0.9299	0.01219	0.7836	0.01697	0.1356	0.01015	5.7961	0.27702	0.0529	3.762	1	266
60	"nm"	3	3	"D5"	25	"NM_g399_pop3_rep3"	"D5"	0.9179	0.0051	0.7096	0.01469	0.1278	0.00523	6.1657	0.13061	0.0229	1.938	0	399
100	"nm"	3	3	"D6"	26	"NM_g666_pop3_rep3"	"D6"	0.9264	0.00537	0.7992	0.0081	0.1306	0.0043	6.8981	0.1265	0.026	1.903	0	666
140	"nm"	3	3	"D7"	27	"NM_g932_pop3_rep3"	"D7"	0.9222	0.01424	0.7808	0.01874	0.1368	0.01113	4.5502	0.29109	0.0547	3.804	0	932
200	"nm"	3	3	"D8"	28	"NM_g1331_pop3_rep3"	"D8"	0.9214	0.00691	0.7805	0.00991	0.1241	0.00494	5.9092	0.15615	0.031	2.24	0	1331
240	"nm"	3	3	"D9"	29	"NM_g1598_pop3_rep3"	"D9"	0.9297	0.00544	0.7614	0.01377	0.1442	0.0051	4.8501	0.10927	0.0217	1.613	0	1598
280	"nm"	3	3	"D10"	30	"NM_g1864_pop3_rep3"	"D10"	0.9374	0.01019	0.7876	0.01362	0.1612	0.01065	6.2192	0.20992	0.0469	3.305	0	1864
1000	"jcvi"	3	3	"D11"	31	"NM_jcvi_pop3_rep3"	"D11"	0.9488	0.00717	0.8291	0.01154	0.1575	0.00845	8.4479	0.17172	0.039	2.848	0	6657
10	"nm"	1	3	"E2"	32	"NM_g66_pop3_rep1"	"E2"	0.9115	0.00611	0.764	0.02392	0.1206	0.00514	5.3021	0.1496	0.0245	1.886	0	67
30	"nm"	1	3	"E3"	33	"NM_g200_pop3_rep1"	"E3"	0.9172	0.01353	0.8408	0.02059	0.1086	0.00712	4.6522	0.30959	0.0513	3.594	0	200
50	"nm"	1	3	"E4"	34	"NM_g333_pop3_rep1"	"E4"	0.9455	0.01205	0.7382	0.0153	0.161	0.01203	6.1415	0.24693	0.0545	3.883	0	333
80	"nm"	1	3	"E5"	35	"NM_g533_pop3_rep1"	"E5"	0.9298	0.00527	0.6776	0.00793	0.1339	0.0059	8.2383	0.14501	0.0282	2.197	0	533
120	"nm"	1	3	"E6"	36	"NM_g799_pop3_rep1"	"E6"	0.9179	0.00362	0.7596	0.00973	0.1242	0.00294	5.2916	0.08286	0.015	1.221	0	799
160	"nm"	1	3	"E7"	37	"NM_g1065_pop3_rep1"	"E7"	0.909	0.01131	0.8529	0.01901	0.0994	0.00536	5.0556	0.27597	0.0449	3.217	1	1065
220	"nm"	1	3	"E8"	38	"NM_g1464_pop3_rep1"	"E8"	0.9186	0.00814	0.8452	0.01278	0.1274	0.00599	6.6326	0.19102	0.0383	2.767	0	1464
260	"nm"	1	3	"E9"	39	"NM_g1731_pop3_rep1"	"E9"	0.9292	0.00621	0.7425	0.00936	0.1518	0.00733	8.576	0.15622	0.0339	2.586	0	1731
300	"nm"	1	3	"E10"	40	"NM_g1997_pop3_rep1"	"E10"	0.9641	0.00812	0.7514	0.0112	0.1727	0.01065	7.7529	0.18497	0.0418	3.018	0	1997
10	"nm"	2	3	"F2"	41	"NM_g66_pop3_rep2"	"F2"	0.9147	0.00599	0.7884	0.0287	0.1141	0.00454	5.205	0.14828	0.0233	1.794	0	67
30	"nm"	2	3	"F3"	42	"NM_g200_pop3_rep2"	"F3"	0.9118	0.01324	0.8731	0.0211	0.1008	0.00572	4.4545	0.30392	0.0482	3.371	0	200
50	"nm"	2	3	"F4"	43	"NM_g333_pop3_rep2"	"F4"	0.9532	0.01118	0.7092	0.01395	0.1735	0.01284	6.3078	0.22268	0.0518	3.708	0	333
80	"nm"	2	3	"F5"	44	"NM_g533_pop3_rep2"	"F5"	0.9205	0.00605	0.69	0.00957	0.1249	0.00631	8.1013	0.17328	0.032	2.507	0	533
120	"nm"	2	3	"F6"	45	"NM_g799_pop3_rep2"	"F6"	0.9289	0.00487	0.7271	0.01008	0.1414	0.00471	5.1612	0.10441	0.0201	1.6	0	799
160	"nm"	2	3	"F7"	46	"NM_g1065_pop3_rep2"	"F7"	0.9069	0.01428	0.883	0.0238	0.0965	0.0058	4.3259	0.33336	0.0511	3.583	0	1065
220	"nm"	2	3	"F8"	47	"NM_g1464_pop3_rep2"	"F8"	0.9363	0.00788	0.8329	0.01154	0.1488	0.00738	6.8522	0.1727	0.0382	2.711	0	1464
260	"nm"	2	3	"F9"	48	"NM_g1731_pop3_rep2"	"F9"	0.9422	0.00724	0.7887	0.01094	0.1499	0.00774	8.0721	0.17864	0.0378	2.787	0	1731
300	"nm"	2	3	"F10"	49	"NM_g1997_pop3_rep2"	"F10"	0.9504	0.00709	0.7935	0.0102	0.1895	0.01069	8.4704	0.15729	0.0386	2.81	0	1997
10	"nm"	3	3	"G2"	50	"NM_g66_pop3_rep3"	"G2"	0.9235	0.00634	0.7945	0.02659	0.12	0.00513	5.433	0.15529	0.0255	1.943	0	67
30	"nm"	3	3	"G3"	51	"NM_g200_pop3_rep3"	"G3"	0.9262	0.01739	0.8674	0.02387	0.1433	0.01334	4.6575	0.34465	0.067	4.503	0	200
50	"nm"	3	3	"G4"	52	"NM_g333_pop3_rep3"	"G4"	0.9608	0.01148	0.7252	0.01439	0.1782	0.01361	6.4236	0.22986	0.0534	3.782	0	333
80	"nm"	3	3	"G5"	53	"NM_g533_pop3_rep3"	"G5"	0.9278	0.00513	0.7984	0.00853	0.109	0.00325	6.6927	0.1317	0.0243	1.796	0	533
120	"nm"	3	3	"G6"	54	"NM_g799_pop3_rep3"	"G6"	0.9305	0.00498	0.7423	0.01206	0.1194	0.00373	4.8026	0.1165	0.019	1.515	0	799
160	"nm"	3	3	"G7"	55	"NM_g1065_pop3_rep3"	"G7"	0.9214	0.01982	0.9028	0.02764	0.1205	0.00956	3.6594	0.38708	0.0637	4.212	0	1065
220	"nm"	3	3	"G8"	56	"NM_g1464_pop3_rep3"	"G8"	0.9341	0.01131	0.8667	0.01752	0.1161	0.00656	5.3519	0.26052	0.0461	3.201	0	1464
260	"nm"	3	3	"G9"	57	"NM_g1731_pop3_rep3"	"G9"	0.9372	0.00594	0.7686	0.00901	0.1319	0.00521	7.435	0.14659	0.03	2.218	0	1731
300	"nm"	3	3	"G10"	58	"NM_g1997_pop3_rep3"	"G10"	0.9576	0.00785	0.7486	0.01055	0.174	0.01005	7.3219	0.17172	0.0393	2.823	0	1997
0	"nm"	1	4	"B2"	2	"NM_g0_pop4_rep1"	"B2"	0.8829	0.00348	0.7884	0.00662	0.1057	0.00224	7.2918	0.09585	0.0171	1.353	0	0
20	"nm"	1	4	"B3"	3	"NM_g133_pop4_rep1"	"B3"	0.926	0.00483	0.7564	0.00788	0.0981	0.00255	5.3602	0.12333	0.02	1.488	0	133
40	"nm"	1	4	"B4"	4	"NM_g266_pop4_rep1"	"B4"	0.9357	0.00701	0.6775	0.00946	0.1346	0.00678	5.5414	0.163	0.0303	2.237	0	266
60	"nm"	1	4	"B5"	5	"NM_g399_pop4_rep1"	"B5"	0.9309	0.00455	0.7845	0.00695	0.1309	0.00367	6.4426	0.10407	0.0214	1.569	0	399
100	"nm"	1	4	"B6"	6	"NM_g666_pop4_rep1"	"B6"	0.9427	0.00778	0.8554	0.01035	0.2028	0.00995	6.2927	0.13605	0.0364	2.493	0	666
140	"nm"	1	4	"B7"	7	"NM_g932_pop4_rep1"	"B7"	0.9357	0.00964	0.9054	0.01345	0.1512	0.00699	5.0672	0.17418	0.0396	2.657	0	932
200	"nm"	1	4	"B8"	8	"NM_g1331_pop4_rep1"	"B8"	0.9425	0.00674	0.5968	0.00958	0.1039	0.00485	5.4871	0.19102	0.0276	2.128	0	1331
240	"nm"	1	4	"B9"	9	"NM_g1598_pop4_rep1"	"B9"	0.9336	0.00539	0.5832	0.01349	0.0975	0.00471	6.0324	0.17454	0.0234	1.908	0	1598
280	"nm"	1	4	"B10"	10	"NM_g1864_pop4_rep1"	"B10"	0.9599	0.00673	0.5983	0.01359	0.0945	0.00492	5.5676	0.21562	0.027	2.102	0	1864
1000	"jcvi"	1	4	"B11"	11	"NM_jcvi_pop4_rep1"	"B11"	0.9542	0.00438	0.7231	0.00785	0.145	0.00571	9.5026	0.12162	0.0254	1.995	0	6657
0	"nm"	2	4	"C2"	12	"NM_g0_pop4_rep2"	"C2"	0.9126	0.00311	0.7896	0.00582	0.1026	0.00186	6.839	0.08438	0.0147	1.131	0	0
20	"nm"	2	4	"C3"	13	"NM_g133_pop4_rep2"	"C3"	0.9326	0.00762	0.707	0.01107	0.1159	0.00577	5.3428	0.18788	0.032	2.359	0	133
40	"nm"	2	4	"C4"	14	"NM_g266_pop4_rep2"	"C4"	0.9297	0.00752	0.7082	0.01028	0.1335	0.00679	5.3617	0.17046	0.0318	2.33	0	266
60	"nm"	2	4	"C5"	15	"NM_g399_pop4_rep2"	"C5"	0.9253	0.00557	0.7238	0.00875	0.1147	0.00431	6.2003	0.14266	0.0255	1.925	0	399
100	"nm"	2	4	"C6"	16	"NM_g666_pop4_rep2"	"C6"	0.9258	0.00515	0.8039	0.00756	0.1418	0.0043	6.5144	0.1103	0.0244	1.775	0	666
140	"nm"	2	4	"C7"	17	"NM_g932_pop4_rep2"	"C7"	0.9345	0.00956	0.8718	0.01229	0.1652	0.00741	4.8359	0.16101	0.0381	2.55	0	932
200	"nm"	2	4	"C8"	18	"NM_g1331_pop4_rep2"	"C8"	0.9329	0.0053	0.7324	0.01514	0.1322	0.00572	6.7006	0.13773	0.0249	1.925	0	1331
240	"nm"	2	4	"C9"	19	"NM_g1598_pop4_rep2"	"C9"	0.9278	0.00458	0.5398	0.01126	0.0941	0.00432	6.3815	0.15805	0.0208	1.736	0	1598
280	"nm"	2	4	"C10"	20	"NM_g1864_pop4_rep2"	"C10"	0.9339	0.0061	0.7511	0.01694	0.1237	0.00493	5.249	0.14251	0.0247	1.884	0	1864
1000	"jcvi"	2	4	"C11"	21	"NM_jcvi_pop4_rep2"	"C11"	0.9386	0.00348	0.709	0.00719	0.1154	0.00341	9.3815	0.10767	0.02	1.617	0	6657
0	"nm"	3	4	"D2"	22	"NM_g0_pop4_rep3"	"D2"	0.903	0.00259	0.7756	0.005	0.0903	0.00127	6.2819	0.0731	0.0116	0.9	1	0
20	"nm"	3	4	"D3"	23	"NM_g133_pop4_rep3"	"D3"	0.9265	0.0061	0.6677	0.00878	0.1159	0.00503	5.7374	0.15777	0.0267	2.02	0	133
40	"nm"	3	4	"D4"	24	"NM_g266_pop4_rep3"	"D4"	0.9292	0.00832	0.6873	0.01098	0.1452	0.00868	5.4754	0.18392	0.0357	2.628	0	266
60	"nm"	3	4	"D5"	25	"NM_g399_pop4_rep3"	"D5"	0.9148	0.00544	0.7128	0.00903	0.1073	0.00405	6.3479	0.14738	0.0253	1.949	0	399
100	"nm"	3	4	"D6"	26	"NM_g666_pop4_rep3"	"D6"	0.9245	0.0043	0.8027	0.00648	0.136	0.00346	6.5646	0.0945	0.0204	1.496	0	666
140	"nm"	3	4	"D7"	27	"NM_g932_pop4_rep3"	"D7"	0.9343	0.00537	0.8576	0.00824	0.1196	0.00304	5.3219	0.11303	0.0225	1.582	0	932
200	"nm"	3	4	"D8"	28	"NM_g1331_pop4_rep3"	"D8"	0.9236	0.00499	0.6345	0.01018	0.1316	0.00557	6.0149	0.1249	0.0226	1.772	0	1331
240	"nm"	3	4	"D9"	29	"NM_g1598_pop4_rep3"	"D9"	0.9329	0.00566	0.7111	0.01835	0.1281	0.00607	6.1719	0.14893	0.0252	1.984	0	1598
280	"nm"	3	4	"D10"	30	"NM_g1864_pop4_rep3"	"D10"	0.9308	0.00543	0.7099	0.01707	0.1209	0.0048	5.2131	0.13294	0.022	1.722	0	1864
1000	"jcvi"	3	4	"D11"	31	"NM_jcvi_pop4_rep3"	"D11"	0.9309	0.00432	0.7077	0.00773	0.1178	0.00393	8.4138	0.12355	0.0234	1.856	0	6657
10	"nm"	1	4	"E2"	32	"NM_g66_pop4_rep1"	"E2"	0.9068	0.00733	0.692	0.01071	0.1241	0.00673	5.91	0.18508	0.0327	2.493	0	67
30	"nm"	1	4	"E3"	33	"NM_g200_pop4_rep1"	"E3"	0.918	0.00659	0.7203	0.0093	0.1173	0.00466	5.0031	0.15355	0.0267	1.963	0	200
50	"nm"	1	4	"E4"	34	"NM_g333_pop4_rep1"	"E4"	0.9395	0.00626	0.9726	0.03181	0.1251	0.0045	6.4709	0.14823	0.0273	2.017	0	333
80	"nm"	1	4	"E5"	35	"NM_g533_pop4_rep1"	"E5"	0.9333	0.00761	0.791	0.01211	0.0959	0.00336	4.5032	0.18325	0.0281	2.016	0	533
120	"nm"	1	4	"E6"	36	"NM_g799_pop4_rep1"	"E6"	0.9127	0.00424	0.8583	0.00679	0.1168	0.00239	5.6588	0.09283	0.0183	1.323	0	799
160	"nm"	1	4	"E7"	37	"NM_g1065_pop4_rep1"	"E7"	0.9255	0.00477	0.6635	0.00969	0.1122	0.004	6.2705	0.13011	0.0217	1.699	0	1065
220	"nm"	1	4	"E8"	38	"NM_g1464_pop4_rep1"	"E8"	0.9319	0.00655	0.64	0.01955	0.0951	0.00503	5.8369	0.21208	0.0268	2.151	0	1464
260	"nm"	1	4	"E9"	39	"NM_g1731_pop4_rep1"	"E9"	0.94	0.00838	0.7694	0.0312	0.0981	0.00532	5.512	0.24961	0.031	2.397	0	1731
300	"nm"	1	4	"E10"	40	"NM_g1997_pop4_rep1"	"E10"	0.9419	0.00783	0.766	0.03318	0.1002	0.00543	5.6486	0.23495	0.0296	2.324	0	1997
10	"nm"	2	4	"F2"	41	"NM_g66_pop4_rep2"	"F2"	0.9306	0.00745	0.6654	0.01024	0.1356	0.00787	5.9255	0.18231	0.0333	2.5	0	67
30	"nm"	2	4	"F3"	42	"NM_g200_pop4_rep2"	"F3"	0.9145	0.00648	0.7341	0.00891	0.1217	0.00453	4.7909	0.14355	0.0256	1.863	0	200
50	"nm"	2	4	"F4"	43	"NM_g333_pop4_rep2"	"F4"	0.9359	0.00681	0.9931	0.03369	0.1304	0.00498	6.3223	0.1551	0.0293	2.154	0	333
80	"nm"	2	4	"F5"	44	"NM_g533_pop4_rep2"	"F5"	0.952	0.00655	0.761	0.0097	0.1021	0.00328	4.5016	0.15495	0.0242	1.721	0	533
120	"nm"	2	4	"F6"	45	"NM_g799_pop4_rep2"	"F6"	0.9271	0.00374	0.8602	0.00604	0.1245	0.0024	6.2346	0.08182	0.0172	1.237	0	799
160	"nm"	2	4	"F7"	46	"NM_g1065_pop4_rep2"	"F7"	0.9467	0.00593	0.6613	0.00939	0.1204	0.00499	5.9019	0.15113	0.026	1.957	0	1065
220	"nm"	2	4	"F8"	47	"NM_g1464_pop4_rep2"	"F8"	0.9471	0.00835	0.8704	0.0322	0.1194	0.00538	4.7255	0.19001	0.0293	2.157	0	1464
260	"nm"	2	4	"F9"	48	"NM_g1731_pop4_rep2"	"F9"	0.9403	0.00763	0.6633	0.02305	0.0892	0.00484	5.3054	0.24682	0.0282	2.232	0	1731
300	"nm"	2	4	"F10"	49	"NM_g1997_pop4_rep2"	"F10"	0.9404	0.00669	0.6901	0.02355	0.103	0.00545	5.8301	0.20327	0.0273	2.18	0	1997
10	"nm"	3	4	"G2"	50	"NM_g66_pop4_rep3"	"G2"	0.9146	0.00626	0.6273	0.00806	0.1499	0.00744	5.9109	0.14261	0.0282	2.16	0	67
30	"nm"	3	4	"G3"	51	"NM_g200_pop4_rep3"	"G3"	0.9258	0.00797	0.7524	0.01093	0.1228	0.00535	4.6685	0.17232	0.0309	2.21	0	200
50	"nm"	3	4	"G4"	52	"NM_g333_pop4_rep3"	"G4"	0.9465	0.0068	0.9873	0.03477	0.1344	0.00539	6.3908	0.15551	0.0294	2.144	0	333
80	"nm"	3	4	"G5"	53	"NM_g533_pop4_rep3"	"G5"	0.9196	0.0043	0.8249	0.00717	0.1127	0.00259	5.9622	0.10131	0.0192	1.405	0	533
120	"nm"	3	4	"G6"	54	"NM_g799_pop4_rep3"	"G6"	0.9216	0.00573	0.8721	0.00905	0.1132	0.00288	5.1676	0.12423	0.0232	1.639	0	799
160	"nm"	3	4	"G7"	55	"NM_g1065_pop4_rep3"	"G7"	0.9583	0.00831	0.6588	0.01324	0.1156	0.00536	3.9851	0.18576	0.0283	2.06	0	1065
220	"nm"	3	4	"G8"	56	"NM_g1464_pop4_rep3"	"G8"	0.9572	0.00716	0.588	0.0124	0.115	0.00697	5.8408	0.20791	0.0305	2.357	0	1464
260	"nm"	3	4	"G9"	57	"NM_g1731_pop4_rep3"	"G9"	0.9486	0.00857	0.8755	0.02583	0.1343	0.00563	4.1018	0.16517	0.0289	2.068	0	1731
300	"nm"	3	4	"G10"	58	"NM_g1997_pop4_rep3"	"G10"	0.9427	0.00762	0.7417	0.02728	0.1026	0.00502	4.9673	0.20745	0.0277	2.15	0	1997
0	"m"	1	5	"B2"	2	"M_g0_pop1_rep1"	"B2"	0.8847	0.00114	0.5277	0.08104	0.0281	0.00121	18.5342	0.29086	0.0079	0.853	1	0
20	"m"	1	5	"B3"	3	"M_g133_pop1_rep1"	"B3"	0.9165	0.00151	0.2472	0.00278	0.0445	0.00191	12.6391	0.14674	0.0102	0.998	1	133
40	"m"	1	5	"B4"	4	"M_g266_pop1_rep1"	"B4"	0.9113	0.00135	0.2501	0.0027	0.0453	0.0019	13.3052	0.13731	0.0094	0.926	1	266
60	"m"	1	5	"B5"	5	"M_g399_pop1_rep1"	"B5"	0.9074	0.00131	0.2487	0.00287	0.0435	0.00179	14.0292	0.13891	0.0094	0.937	1	399
100	"m"	1	5	"B6"	6	"M_g666_pop1_rep1"	"B6"	0.9142	0.00161	0.252	0.00292	0.0462	0.0021	12.6041	0.15544	0.0108	1.056	1	666
140	"m"	1	5	"B7"	7	"M_g932_pop1_rep1"	"B7"	0.9133	0.00165	0.3187	0.00305	0.0617	0.00245	12.959	0.12488	0.0113	1.077	1	932
200	"m"	1	5	"B8"	8	"M_g1331_pop1_rep1"	"B8"	0.9056	0.0027	0.3147	0.00567	0.0848	0.00608	11.3201	0.16889	0.0173	1.648	0	1331
240	"m"	1	5	"B9"	9	"M_g1598_pop1_rep1"	"B9"	0.9221	0.0022	0.2987	0.00365	0.0679	0.00377	12.8772	0.1607	0.015	1.429	1	1598
280	"m"	1	5	"B10"	10	"M_g1864_pop1_rep1"	"B10"	0.9247	0.00252	0.2444	0.00351	0.0735	0.00562	11.0954	0.18239	0.0159	1.513	0	1864
1000	"jcvi"	1	5	"B11"	11	"M_jcvi_pop1_rep1"	"B11"	0.93	0.00291	0.6234	0.00754	0.1024	0.0038	15.0286	0.13146	0.0215	1.898	0	6657
0	"m"	2	5	"C2"	12	"M_g0_pop1_rep2"	"C2"	0.8892	0.00122	0.3581	0.027	0.028	0.00081	17.6751	0.15695	0.009	0.955	2	0
20	"m"	2	5	"C3"	13	"M_g133_pop1_rep2"	"C3"	0.9117	0.0013	0.2812	0.0028	0.0405	0.00127	12.1851	0.12464	0.0085	0.832	2	133
40	"m"	2	5	"C4"	14	"M_g266_pop1_rep2"	"C4"	0.9108	0.00122	0.2627	0.00241	0.0484	0.00174	13.2078	0.11567	0.0085	0.833	2	266
60	"m"	2	5	"C5"	15	"M_g399_pop1_rep2"	"C5"	0.9125	0.00146	0.2596	0.00295	0.0488	0.00214	13.8509	0.14139	0.0104	1.025	1	399
100	"m"	2	5	"C6"	16	"M_g666_pop1_rep2"	"C6"	0.9091	0.00175	0.2692	0.00305	0.0509	0.00233	12.3518	0.15371	0.0116	1.131	1	666
140	"m"	2	5	"C7"	17	"M_g932_pop1_rep2"	"C7"	0.9157	0.00151	0.302	0.00286	0.0562	0.00213	12.9514	0.12281	0.0104	0.996	1	932
200	"m"	2	5	"C8"	18	"M_g1331_pop1_rep2"	"C8"	0.9169	0.00278	0.3085	0.00588	0.0822	0.00617	11.3464	0.18034	0.0178	1.681	0	1331
240	"m"	2	5	"C9"	19	"M_g1598_pop1_rep2"	"C9"	0.9255	0.00228	0.3343	0.00355	0.0848	0.00443	12.2764	0.13612	0.0153	1.416	0	1598
280	"m"	2	5	"C10"	20	"M_g1864_pop1_rep2"	"C10"	0.9189	0.0028	0.267	0.00468	0.0783	0.00655	11.4089	0.19796	0.0179	1.705	0	1864
1000	"jcvi"	2	5	"C11"	21	"M_jcvi_pop1_rep2"	"C11"	0.9268	0.00286	0.6174	0.00777	0.0981	0.00361	15.1157	0.13336	0.0211	1.881	0	6657
0	"m"	3	5	"D2"	22	"M_g0_pop1_rep3"	"D2"	0.8883	0.00121	0.3183	0.01712	0.0284	0.00099	17.2319	0.17073	0.009	0.956	1	0
20	"m"	3	5	"D3"	23	"M_g133_pop1_rep3"	"D3"	0.9199	0.00154	0.2602	0.00277	0.0467	0.00195	12.1873	0.14286	0.0102	0.985	1	133
40	"m"	3	5	"D4"	24	"M_g266_pop1_rep3"	"D4"	0.9067	0.00137	0.2536	0.00266	0.0444	0.00179	12.6662	0.13599	0.0093	0.918	1	266
60	"m"	3	5	"D5"	25	"M_g399_pop1_rep3"	"D5"	0.8977	0.0015	0.2768	0.00305	0.051	0.00213	13.7952	0.13709	0.0106	1.057	1	399
100	"m"	3	5	"D6"	26	"M_g666_pop1_rep3"	"D6"	0.9038	0.00159	0.2362	0.00295	0.0395	0.00181	12.221	0.17043	0.0104	1.035	1	666
140	"m"	3	5	"D7"	27	"M_g932_pop1_rep3"	"D7"	0.908	0.00152	0.3191	0.00295	0.057	0.00202	12.9104	0.118	0.0104	1.003	1	932
200	"m"	3	5	"D8"	28	"M_g1331_pop1_rep3"	"D8"	0.9012	0.00282	0.3282	0.00542	0.0908	0.00627	11.151	0.16065	0.018	1.707	0	1331
240	"m"	3	5	"D9"	29	"M_g1598_pop1_rep3"	"D9"	0.9144	0.0022	0.3021	0.0036	0.0701	0.00385	12.777	0.15619	0.015	1.429	1	1598
280	"m"	3	5	"D10"	30	"M_g1864_pop1_rep3"	"D10"	0.9205	0.00296	0.296	0.0053	0.0814	0.00633	10.7691	0.18904	0.0183	1.723	0	1864
1000	"jcvi"	3	5	"D11"	31	"M_jcvi_pop1_rep3"	"D11"	0.9321	0.00294	0.6325	0.00712	0.1042	0.00372	14.5667	0.12729	0.0214	1.863	0	6657
10	"m"	1	5	"E2"	32	"M_g66_pop1_rep1"	"E2"	0.8877	0.00151	0.2501	0.00291	0.0366	0.00141	11.5012	0.1602	0.0095	0.951	1	67
30	"m"	1	5	"E3"	33	"M_g200_pop1_rep1"	"E3"	0.914	0.0015	0.2484	0.0025	0.0509	0.00226	12.0299	0.13473	0.0099	0.962	1	200
50	"m"	1	5	"E4"	34	"M_g333_pop1_rep1"	"E4"	0.901	0.00115	0.2279	0.00281	0.0337	0.00126	13.5282	0.14234	0.008	0.812	2	333
80	"m"	1	5	"E5"	35	"M_g533_pop1_rep1"	"E5"	0.9012	0.00146	0.2449	0.00321	0.0428	0.00199	14.171	0.15924	0.0104	1.055	1	533
120	"m"	1	5	"E6"	36	"M_g799_pop1_rep1"	"E6"	0.8987	0.00181	0.3189	0.00328	0.0658	0.00293	13.2107	0.1344	0.0126	1.218	1	799
160	"m"	1	5	"E7"	37	"M_g1065_pop1_rep1"	"E7"	0.9121	0.0028	0.2953	0.00407	0.0843	0.00591	11.1192	0.16951	0.0178	1.675	0	1065
220	"m"	1	5	"E8"	38	"M_g1464_pop1_rep1"	"E8"	0.9008	0.00261	0.3592	0.00426	0.0885	0.00495	12.7157	0.14949	0.0178	1.676	0	1464
260	"m"	1	5	"E9"	39	"M_g1731_pop1_rep1"	"E9"	0.9116	0.00274	0.2851	0.00472	0.082	0.00616	10.9041	0.17659	0.0172	1.634	0	1731
300	"m"	1	5	"E10"	40	"M_g1997_pop1_rep1"	"E10"	0.9213	0.00352	0.7301	0.01008	0.1085	0.00292	7.261	0.10193	0.0173	1.443	0	1997
10	"m"	2	5	"F2"	41	"M_g66_pop1_rep2"	"F2"	0.896	0.00162	0.2404	0.00283	0.038	0.0016	11.0497	0.16701	0.01	0.996	1	67
30	"m"	2	5	"F3"	42	"M_g200_pop1_rep2"	"F3"	0.9137	0.00145	0.2579	0.00251	0.0538	0.00233	12.5315	0.12753	0.0098	0.958	1	200
50	"m"	2	5	"F4"	43	"M_g333_pop1_rep2"	"F4"	0.9072	0.0013	0.2257	0.00278	0.0333	0.00132	12.4988	0.15786	0.0086	0.863	2	333
80	"m"	2	5	"F5"	44	"M_g533_pop1_rep2"	"F5"	0.91	0.00184	0.3008	0.00364	0.0603	0.00293	14.1913	0.1502	0.0132	1.295	1	533
120	"m"	2	5	"F6"	45	"M_g799_pop1_rep2"	"F6"	0.9107	0.00172	0.2829	0.00299	0.0527	0.00227	12.0812	0.14413	0.0113	1.09	1	799
160	"m"	2	5	"F7"	46	"M_g1065_pop1_rep2"	"F7"	0.9105	0.00216	0.2364	0.00307	0.0604	0.00379	10.7576	0.16974	0.0135	1.302	1	1065
220	"m"	2	5	"F8"	47	"M_g1464_pop1_rep2"	"F8"	0.9048	0.00267	0.3534	0.0043	0.0904	0.0053	12.6507	0.15254	0.0182	1.712	0	1464
260	"m"	2	5	"F9"	48	"M_g1731_pop1_rep2"	"F9"	0.9165	0.00252	0.2448	0.00354	0.0664	0.00481	10.8889	0.18939	0.0157	1.507	1	1731
300	"m"	2	5	"F10"	49	"M_g1997_pop1_rep2"	"F10"	0.913	0.00201	0.6787	0.00865	0.0933	0.00174	8.1466	0.06878	0.0106	0.94	1	1997
10	"m"	3	5	"G2"	50	"M_g66_pop1_rep3"	"G2"	0.8909	0.00173	0.2174	0.0027	0.0377	0.00181	10.2926	0.18163	0.0103	1.028	1	67
30	"m"	3	5	"G3"	51	"M_g200_pop1_rep3"	"G3"	0.9191	0.00152	0.2593	0.00246	0.0577	0.00256	12.1214	0.1256	0.0101	0.969	1	200
50	"m"	3	5	"G4"	52	"M_g333_pop1_rep3"	"G4"	0.9193	0.00124	0.2165	0.0026	0.0325	0.00127	12.4575	0.15442	0.0082	0.815	2	333
80	"m"	3	5	"G5"	53	"M_g533_pop1_rep3"	"G5"	0.9166	0.00152	0.272	0.00302	0.0509	0.00218	13.6896	0.13984	0.0107	1.05	1	533
120	"m"	3	5	"G6"	54	"M_g799_pop1_rep3"	"G6"	0.9159	0.00143	0.3007	0.0026	0.0555	0.00193	12.4229	0.11332	0.0096	0.917	1	799
160	"m"	3	5	"G7"	55	"M_g1065_pop1_rep3"	"G7"	0.9133	0.00255	0.2531	0.00355	0.0755	0.00555	10.8861	0.17426	0.0161	1.534	1	1065
220	"m"	3	5	"G8"	56	"M_g1464_pop1_rep3"	"G8"	0.9232	0.00265	0.3759	0.00449	0.0919	0.00489	12.1863	0.14146	0.0177	1.62	0	1464
260	"m"	3	5	"G9"	57	"M_g1731_pop1_rep3"	"G9"	0.9234	0.00285	0.2904	0.00481	0.0851	0.00653	10.7498	0.17734	0.0177	1.66	0	1731
300	"m"	3	5	"G10"	58	"M_g1997_pop1_rep3"	"G10"	0.9275	0.00382	0.7689	0.0098	0.1193	0.00322	7.0488	0.10035	0.0185	1.504	0	1997
20	"m"	1	6	"B3"	3	"M_g133_pop2_rep1_RR"	"B3"	0.9024	0.00095	0.2135	0.00118	0.0422	0.00128	12.7438	0.09854	0.0065	0.621	2	133
40	"m"	1	6	"B4"	4	"M_g266_pop2_rep1_RR"	"B4"	0.8972	0.00106	0.2361	0.00139	0.0449	0.00146	14.264	0.10988	0.0077	0.739	1	266
60	"m"	1	6	"B5"	5	"M_g399_pop2_rep1_RR"	"B5"	0.8911	0.00401	0.8567	0.01692	0.1527	0.00557	9.7562	0.10723	0.0234	2.076	0	399
100	"m"	1	6	"B6"	6	"M_g666_pop2_rep1_RR"	"B6"	0.8896	0.00145	0.2872	0.003	0.0376	0.00162	24.346	0.20737	0.0136	1.372	1	666
140	"m"	1	6	"B7"	7	"M_g932_pop2_rep1_RR"	"B7"	0.8937	0.0049	0.9058	0.02601	0.1289	0.00443	7.5516	0.12383	0.0242	1.837	0	932
200	"m"	1	6	"B8"	8	"M_g1331_pop2_rep1_RR"	"B8"	0.8899	0.00109	0.3148	0.00156	0.044	0.00099	16.3463	0.10095	0.0084	0.793	1	1331
240	"m"	1	6	"B9"	9	"M_g1598_pop2_rep1_RR"	"B9"	0.8909	0.00103	0.3042	0.00146	0.0401	0.00083	15.418	0.09702	0.0077	0.729	1	1598
280	"m"	1	6	"B10"	10	"M_g1864_pop2_rep1_RR"	"B10"	0.8936	0.00093	0.2964	0.00128	0.0382	7e-04	14.2098	0.08709	0.0067	0.629	1	1864
1000	"jcvi"	1	6	"B11"	11	"M_jcvi_pop2_rep1_RR"	"B11"	0.922	0.00369	0.6211	0.00472	0.1086	0.00436	12.9284	0.14608	0.0252	1.916	0	6657
20	"m"	2	6	"C3"	13	"M_g133_pop2_rep2_RR"	"C3"	0.8968	0.00128	0.2593	0.00166	0.0351	0.00098	11.8767	0.12399	0.0085	0.798	1	133
40	"m"	2	6	"C4"	14	"M_g266_pop2_rep2_RR"	"C4"	0.8967	0.00116	0.2485	0.00151	0.0472	0.00159	14.5093	0.11434	0.0084	0.805	1	266
60	"m"	2	6	"C5"	15	"M_g399_pop2_rep2_RR"	"C5"	0.8949	0.00479	0.7688	0.01562	0.1402	0.00616	9.0883	0.13424	0.0269	2.361	0	399
100	"m"	2	6	"C6"	16	"M_g666_pop2_rep2_RR"	"C6"	0.8833	0.0017	0.2186	0.00239	0.0385	0.00216	18.052	0.22635	0.0136	1.368	1	666
140	"m"	2	6	"C7"	17	"M_g932_pop2_rep2_RR"	"C7"	0.8965	0.00576	0.9873	0.03678	0.113	0.00408	8.0076	0.16002	0.0279	2.04	0	932
200	"m"	2	6	"C8"	18	"M_g1331_pop2_rep2_RR"	"C8"	0.8911	0.00089	0.3009	0.00141	0.0354	7e-04	16.8646	0.09826	0.007	0.669	2	1331
240	"m"	2	6	"C9"	19	"M_g1598_pop2_rep2_RR"	"C9"	0.8881	9e-04	0.3141	0.00158	0.0318	0.00057	18.1788	0.10537	0.0073	0.707	2	1598
280	"m"	2	6	"C10"	20	"M_g1864_pop2_rep2_RR"	"C10"	0.8972	0.00153	0.296	0.00195	0.0442	0.00126	12.432	0.12489	0.0103	0.949	1	1864
1000	"jcvi"	2	6	"C11"	21	"M_jcvi_pop2_rep2_RR"	"C11"	0.9112	0.00476	0.6448	0.00611	0.108	0.00548	12.447	0.18736	0.0318	2.403	0	6657
20	"m"	3	6	"D3"	23	"M_g133_pop2_rep3_RR"	"D3"	0.8924	0.00168	0.2423	0.00228	0.0299	0.00131	11.4954	0.19931	0.0108	1.031	1	133
40	"m"	3	6	"D4"	24	"M_g266_pop2_rep3_RR"	"D4"	0.8934	0.00129	0.2509	0.00167	0.0502	0.00187	14.4345	0.12178	0.0094	0.899	1	266
60	"m"	3	6	"D5"	25	"M_g399_pop2_rep3_RR"	"D5"	0.8824	0.00449	0.7831	0.01798	0.135	0.00551	8.8369	0.12645	0.0247	2.189	0	399
100	"m"	3	6	"D6"	26	"M_g666_pop2_rep3_RR"	"D6"	0.8821	0.00096	0.2745	0.00148	0.0295	0.00062	15.7861	0.12029	0.0071	0.697	2	666
140	"m"	3	6	"D7"	27	"M_g932_pop2_rep3_RR"	"D7"	0.8899	0.00565	0.8849	0.02589	0.137	0.00588	7.8032	0.14627	0.0283	2.105	0	932
200	"m"	3	6	"D8"	28	"M_g1331_pop2_rep3_RR"	"D8"	0.8827	0.00092	0.3471	0.00153	0.0365	0.00061	17.0889	0.09219	0.0072	0.689	2	1331
240	"m"	3	6	"D9"	29	"M_g1598_pop2_rep3_RR"	"D9"	0.8894	0.00115	0.3139	0.00159	0.0425	0.00094	15.0699	0.10339	0.0085	0.795	1	1598
280	"m"	3	6	"D10"	30	"M_g1864_pop2_rep3_RR"	"D10"	0.8877	0.00191	0.3362	0.00258	0.046	0.00171	12.6853	0.1584	0.0129	1.183	1	1864
1000	"jcvi"	3	6	"D11"	31	"M_jcvi_pop2_rep3_RR"	"D11"	0.9161	0.00489	0.6756	0.00621	0.1075	0.00495	11.9332	0.18078	0.0319	2.358	0	6657
10	"m"	1	6	"E2"	32	"M_g66_pop2_rep1_RR"	"E2"	0.8789	0.00128	0.2423	0.00167	0.0372	0.00122	13.6564	0.13949	0.0089	0.868	1	67
30	"m"	1	6	"E3"	33	"M_g200_pop2_rep1_RR"	"E3"	0.8947	0.00121	0.2264	0.00157	0.0425	0.0016	14.3529	0.13143	0.0087	0.847	1	200
50	"m"	1	6	"E4"	34	"M_g333_pop2_rep1_RR"	"E4"	0.905	0.00504	0.737	0.01761	0.1231	0.00568	8.4075	0.15281	0.0267	2.315	0	333
80	"m"	1	6	"E5"	35	"M_g533_pop2_rep1_RR"	"E5"	0.8866	0.00417	0.8637	0.01409	0.1352	0.00423	8.1353	0.108	0.0218	1.85	0	533
120	"m"	1	6	"E6"	36	"M_g799_pop2_rep1_RR"	"E6"	0.8815	0.00116	0.261	0.00215	0.0281	0.00087	20.2436	0.17806	0.0098	0.991	1	799
160	"m"	1	6	"E7"	37	"M_g1065_pop2_rep1_RR"	"E7"	0.8822	7e-04	0.2599	0.00123	0.0231	0.00036	16.7258	0.10156	0.0054	0.533	2	1065
220	"m"	1	6	"E8"	38	"M_g1464_pop2_rep1_RR"	"E8"	0.8839	0.00084	0.3039	0.00137	0.0374	0.00073	18.1758	0.09219	0.0069	0.666	2	1464
260	"m"	1	6	"E9"	39	"M_g1731_pop2_rep1_RR"	"E9"	0.8839	0.00078	0.291	0.00114	0.0365	0.00061	15.5277	0.08036	0.0059	0.565	2	1731
300	"m"	1	6	"E10"	40	"M_g1997_pop2_rep1_RR"	"E10"	0.8979	0.00287	0.7464	0.01141	0.1112	0.00281	8.4624	0.08886	0.0154	1.358	0	1997
10	"m"	2	6	"F2"	41	"M_g66_pop2_rep2_RR"	"F2"	0.8801	0.00134	0.2363	0.00173	0.0375	0.00132	13.3916	0.14643	0.0093	0.903	1	67
30	"m"	2	6	"F3"	42	"M_g200_pop2_rep2_RR"	"F3"	0.8968	0.00132	0.2302	0.00168	0.0463	0.00189	13.9098	0.13456	0.0094	0.902	1	200
50	"m"	2	6	"F4"	43	"M_g333_pop2_rep2_RR"	"F4"	0.9092	0.00537	0.7473	0.01895	0.119	0.00554	7.9698	0.16226	0.0273	2.334	0	333
80	"m"	2	6	"F5"	44	"M_g533_pop2_rep2_RR"	"F5"	0.8873	0.00445	0.8577	0.01261	0.1413	0.00453	7.7753	0.10913	0.0228	1.896	0	533
120	"m"	2	6	"F6"	45	"M_g799_pop2_rep2_RR"	"F6"	0.8901	0.00097	0.2689	0.00278	0.0226	0.00061	22.7675	0.18071	0.0086	0.88	1	799
160	"m"	2	6	"F7"	46	"M_g1065_pop2_rep2_RR"	"F7"	0.8811	0.00069	0.2704	0.00124	0.0218	3e-04	15.5439	0.09918	0.0051	0.505	2	1065
220	"m"	2	6	"F8"	47	"M_g1464_pop2_rep2_RR"	"F8"	0.8847	0.00087	0.2545	0.00223	0.0248	0.00066	23.5526	0.1555	0.008	0.823	2	1464
260	"m"	2	6	"F9"	48	"M_g1731_pop2_rep2_RR"	"F9"	0.8893	0.00129	0.2991	0.00168	0.0416	0.00099	12.9614	0.11064	0.0088	0.821	1	1731
300	"m"	2	6	"F10"	49	"M_g1997_pop2_rep2_RR"	"F10"	0.9163	0.00401	0.7326	0.00874	0.1274	0.00387	6.8472	0.10331	0.0193	1.567	0	1997
10	"m"	3	6	"G2"	50	"M_g66_pop2_rep3_RR"	"G2"	0.8805	0.00141	0.2148	0.00177	0.0412	0.00175	13.1457	0.15154	0.0097	0.951	1	67
30	"m"	3	6	"G3"	51	"M_g200_pop2_rep3_RR"	"G3"	0.906	0.00116	0.2599	0.00149	0.0515	0.00169	13.9014	0.10641	0.0083	0.775	1	200
50	"m"	3	6	"G4"	52	"M_g333_pop2_rep3_RR"	"G4"	0.9157	0.00584	0.7671	0.01484	0.1132	0.00444	6.8209	0.15818	0.0273	2.231	0	333
80	"m"	3	6	"G5"	53	"M_g533_pop2_rep3_RR"	"G5"	0.8941	0.00482	0.8778	0.01142	0.1554	0.00508	7.3871	0.10749	0.0241	1.936	0	533
120	"m"	3	6	"G6"	54	"M_g799_pop2_rep3_RR"	"G6"	0.8873	0.00103	0.2718	0.00185	0.029	0.00073	19.3957	0.145	0.0086	0.852	1	799
160	"m"	3	6	"G7"	55	"M_g1065_pop2_rep3_RR"	"G7"	0.8863	0.00095	0.2787	0.00133	0.0308	0.00055	13.711	0.10227	0.0066	0.632	2	1065
220	"m"	3	6	"G8"	56	"M_g1464_pop2_rep3_RR"	"G8"	0.8951	0.00091	0.2953	0.00131	0.0392	0.00076	15.8898	0.09045	0.0069	0.656	1	1464
260	"m"	3	6	"G9"	57	"M_g1731_pop2_rep3_RR"	"G9"	0.8862	0.00123	0.3044	0.0016	0.0427	0.00097	13.0015	0.10304	0.0084	0.785	1	1731
300	"m"	3	6	"G10"	58	"M_g1997_pop2_rep3_RR"	"G10"	0.9295	0.00446	0.75	0.00912	0.1177	0.00334	5.9368	0.11064	0.0195	1.533	0	1997
0	"m"	1	7	"B2"	2	"M_g0_pop3_rep1"	"B2"	0.8886	0.00112	0.2287	0.00213	0.0361	0.00148	20.6842	0.16569	0.0097	1	1	0
20	"m"	1	7	"B3"	3	"M_g133_pop3_rep1"	"B3"	0.9145	0.00199	0.2615	0.00354	0.0512	0.00272	13.6411	0.17506	0.014	1.334	0	133
40	"m"	1	7	"B4"	4	"M_g266_pop3_rep1"	"B4"	0.9086	0.00199	0.3074	0.00236	0.0825	0.00341	9.4658	0.10564	0.0117	1.042	3	266
60	"m"	1	7	"B5"	5	"M_g399_pop3_rep1"	"B5"	0.912	0.00198	0.2491	0.00272	0.078	0.00525	14.8303	0.15127	0.0148	1.407	0	399
100	"m"	1	7	"B6"	6	"M_g666_pop3_rep1"	"B6"	0.9199	0.00222	0.2443	0.00278	0.0704	0.00473	12.5806	0.16674	0.0151	1.408	0	666
140	"m"	1	7	"B7"	7	"M_g932_pop3_rep1"	"B7"	0.8923	0.00081	0.2234	0.00117	0.0357	0.00086	14.5362	0.09358	0.0059	0.584	1	932
200	"m"	1	7	"B8"	8	"M_g1331_pop3_rep1"	"B8"	0.9096	0.00206	0.2722	0.0027	0.0713	0.00409	14.1406	0.15111	0.0149	1.399	0	1331
240	"m"	1	7	"B9"	9	"M_g1598_pop3_rep1"	"B9"	0.906	0.00226	0.3079	0.00329	0.0804	0.00449	13.3842	0.14511	0.0159	1.47	0	1598
1000	"jcvi"	1	7	"B11"	11	"M_jcvi_pop3_rep1"	"B11"	0.9115	0.00311	0.5767	0.00454	0.1113	0.00456	16.0107	0.13587	0.024	1.987	0	6657
0	"m"	2	7	"C2"	12	"M_g0_pop3_rep2"	"C2"	0.8821	0.00111	0.2515	0.00202	0.0421	0.00158	20.3783	0.14135	0.0096	0.978	1	0
20	"m"	2	7	"C3"	13	"M_g133_pop3_rep2"	"C3"	0.9043	0.0021	0.2627	0.00281	0.0539	0.00287	13.9013	0.17634	0.015	1.427	1	133
40	"m"	2	7	"C4"	14	"M_g266_pop3_rep2"	"C4"	0.9045	9e-04	0.2256	0.00131	0.0366	0.00101	14.5985	0.10496	0.0066	0.642	1	266
60	"m"	2	7	"C5"	15	"M_g399_pop3_rep2"	"C5"	0.9084	0.00209	0.268	0.00298	0.0799	0.00526	14.6104	0.15474	0.0155	1.461	0	399
100	"m"	2	7	"C6"	16	"M_g666_pop3_rep2"	"C6"	0.9066	0.00246	0.2975	0.00347	0.0809	0.00499	12.2625	0.15736	0.0165	1.523	0	666
140	"m"	2	7	"C7"	17	"M_g932_pop3_rep2"	"C7"	0.8954	0.00165	0.2961	0.00228	0.0556	0.00218	14.5571	0.13912	0.0119	1.13	1	932
200	"m"	2	7	"C8"	18	"M_g1331_pop3_rep2"	"C8"	0.9089	0.00224	0.2845	0.00304	0.0745	0.00448	14.1914	0.15928	0.0163	1.52	0	1331
240	"m"	2	7	"C9"	19	"M_g1598_pop3_rep2"	"C9"	0.9117	0.00256	0.3662	0.00438	0.0918	0.00514	13.5029	0.14734	0.018	1.629	0	1598
1000	"jcvi"	2	7	"C11"	21	"M_jcvi_pop3_rep2"	"C11"	0.9086	0.00291	0.5902	0.00419	0.1186	0.00447	15.8866	0.12151	0.0223	1.84	0	6657
0	"m"	3	7	"D2"	22	"M_g0_pop3_rep3"	"D2"	0.882	0.00109	0.2426	0.00208	0.0365	0.00136	20.1853	0.15428	0.0093	0.956	1	0
20	"m"	3	7	"D3"	23	"M_g133_pop3_rep3"	"D3"	0.9114	0.00117	0.2668	0.00162	0.0468	0.00142	13.6743	0.10859	0.0083	0.781	1	133
40	"m"	3	7	"D4"	24	"M_g266_pop3_rep3"	"D4"	0.899	0.00086	0.2137	0.00126	0.0331	0.00089	14.5627	0.10748	0.0063	0.621	2	266
60	"m"	3	7	"D5"	25	"M_g399_pop3_rep3"	"D5"	0.9049	0.00223	0.2939	0.00339	0.0825	0.00509	14.0473	0.15095	0.0161	1.513	0	399
100	"m"	3	7	"D6"	26	"M_g666_pop3_rep3"	"D6"	0.9085	0.00261	0.3052	0.00373	0.0823	0.00512	11.8857	0.16017	0.0172	1.578	0	666
140	"m"	3	7	"D7"	27	"M_g932_pop3_rep3"	"D7"	0.8843	0.00222	0.3135	0.00297	0.0693	0.00354	14.3747	0.16085	0.016	1.511	0	932
200	"m"	3	7	"D8"	28	"M_g1331_pop3_rep3"	"D8"	0.9065	0.00248	0.3548	0.00422	0.0913	0.0052	13.7387	0.14681	0.0176	1.61	0	1331
240	"m"	3	7	"D9"	29	"M_g1598_pop3_rep3"	"D9"	0.9077	0.00241	0.3195	0.00349	0.082	0.00462	12.9815	0.14902	0.0167	1.528	0	1598
1000	"jcvi"	3	7	"D11"	31	"M_jcvi_pop3_rep3"	"D11"	0.9225	0.0028	0.6009	0.00403	0.1161	0.00407	15.6354	0.11553	0.0213	1.725	0	6657
10	"m"	1	7	"E2"	32	"M_g66_pop3_rep1"	"E2"	0.8805	0.00096	0.2461	0.00141	0.04	0.00108	14.8972	0.10458	0.0071	0.704	1	67
30	"m"	1	7	"E3"	33	"M_g200_pop3_rep1"	"E3"	0.9132	0.00115	0.2266	0.00161	0.0427	0.00153	14.7397	0.12175	0.0085	0.821	1	200
50	"m"	1	7	"E4"	34	"M_g333_pop3_rep1"	"E4"	0.9077	0.0021	0.2393	0.00265	0.0693	0.00456	12.8	0.16343	0.0144	1.366	0	333
80	"m"	1	7	"E5"	35	"M_g533_pop3_rep1"	"E5"	0.9046	0.00115	0.2179	0.00151	0.0409	0.00139	12.8158	0.11936	0.0078	0.757	1	533
120	"m"	1	7	"E6"	36	"M_g799_pop3_rep1"	"E6"	0.9023	0.00234	0.2398	0.00273	0.0624	0.00358	9.1177	0.15944	0.0133	1.246	1	799
160	"m"	1	7	"E7"	37	"M_g1065_pop3_rep1"	"E7"	0.8827	0.00251	0.3134	0.00369	0.0799	0.00482	13.0641	0.16293	0.0173	1.631	0	1065
220	"m"	1	7	"E8"	38	"M_g1464_pop3_rep1"	"E8"	0.9006	0.00241	0.3458	0.00368	0.0933	0.00522	13.4582	0.13929	0.017	1.558	0	1464
260	"m"	1	7	"E9"	39	"M_g1731_pop3_rep1"	"E9"	0.9025	0.00238	0.3617	0.0046	0.0929	0.00542	15.3369	0.14764	0.018	1.665	0	1731
300	"m"	1	7	"E10"	40	"M_g1997_pop3_rep1"	"E10"	0.9075	0.00229	0.3178	0.0035	0.0873	0.00502	13.6322	0.14186	0.0163	1.501	0	1997
10	"m"	2	7	"F2"	41	"M_g66_pop3_rep2"	"F2"	0.882	0.00093	0.2442	0.00133	0.0421	0.00112	14.6173	0.09662	0.0068	0.673	1	67
30	"m"	2	7	"F3"	42	"M_g200_pop3_rep2"	"F3"	0.9073	0.00099	0.2427	0.00139	0.0452	0.00132	14.3739	0.09872	0.0073	0.697	2	200
50	"m"	2	7	"F4"	43	"M_g333_pop3_rep2"	"F4"	0.9044	0.00222	0.2471	0.00289	0.0731	0.005	12.5601	0.16486	0.0151	1.426	0	333
80	"m"	2	7	"F5"	44	"M_g533_pop3_rep2"	"F5"	0.9079	0.00117	0.2163	0.00154	0.041	0.00143	12.7592	0.122	0.008	0.771	1	533
120	"m"	2	7	"F6"	45	"M_g799_pop3_rep2"	"F6"	0.9087	0.00289	0.2557	0.00346	0.0712	0.00494	9.3684	0.18101	0.0168	1.546	0	799
160	"m"	2	7	"F7"	46	"M_g1065_pop3_rep2"	"F7"	0.8951	0.00277	0.3585	0.00469	0.0929	0.00571	12.7154	0.15839	0.0188	1.727	0	1065
220	"m"	2	7	"F8"	47	"M_g1464_pop3_rep2"	"F8"	0.8981	0.00231	0.3174	0.00334	0.0835	0.00467	13.4204	0.14394	0.0163	1.511	0	1464
260	"m"	2	7	"F9"	48	"M_g1731_pop3_rep2"	"F9"	0.9064	0.00237	0.353	0.00439	0.0891	0.00512	14.9558	0.14895	0.0176	1.629	0	1731
300	"m"	2	7	"F10"	49	"M_g1997_pop3_rep2"	"F10"	0.9091	0.00248	0.3487	0.00416	0.0922	0.00529	13.5101	0.14431	0.0175	1.598	0	1997
10	"m"	3	7	"G2"	50	"M_g66_pop3_rep3"	"G2"	0.9001	0.00102	0.2251	0.00141	0.0434	0.0014	14.5607	0.1076	0.0075	0.73	1	67
30	"m"	3	7	"G3"	51	"M_g200_pop3_rep3"	"G3"	0.9076	0.00099	0.2431	0.00136	0.05	0.00151	14.3384	0.09275	0.0072	0.693	2	200
50	"m"	3	7	"G4"	52	"M_g333_pop3_rep3"	"G4"	0.9134	0.0022	0.2784	0.00315	0.079	0.00483	12.6051	0.14704	0.015	1.397	0	333
80	"m"	3	7	"G5"	53	"M_g533_pop3_rep3"	"G5"	0.9094	0.00186	0.2416	0.00237	0.0555	0.00286	12.4026	0.15201	0.0126	1.19	1	533
120	"m"	3	7	"G6"	54	"M_g799_pop3_rep3"	"G6"	0.9162	0.00302	0.3501	0.00428	0.0885	0.0047	8.5986	0.14079	0.0168	1.477	0	799
160	"m"	3	7	"G7"	55	"M_g1065_pop3_rep3"	"G7"	0.8997	0.00237	0.3174	0.00367	0.0794	0.0044	12.6014	0.14821	0.0161	1.497	0	1065
220	"m"	3	7	"G8"	56	"M_g1464_pop3_rep3"	"G8"	0.9174	0.00231	0.3382	0.00359	0.0926	0.00501	13.1283	0.13193	0.0161	1.458	0	1464
260	"m"	3	7	"G9"	57	"M_g1731_pop3_rep3"	"G9"	0.9173	0.00235	0.3604	0.00451	0.0919	0.00513	14.6571	0.1415	0.0173	1.581	0	1731
300	"m"	3	7	"G10"	58	"M_g1997_pop3_rep3"	"G10"	0.9152	0.00207	0.2848	0.00293	0.083	0.00477	13.5343	0.13481	0.0148	1.367	0	1997
20	"m"	1	8	"B3"	3	"M_g133_pop4_rep1"	"B3"	0.9525	0.00103	0.293	0.00204	0.0533	0.00116	9.5284	0.06844	0.0061	0.565	0	133
40	"m"	1	8	"B4"	4	"M_g266_pop4_rep1"	"B4"	0.9512	0.00145	0.2459	0.00223	0.0671	0.00265	9.1481	0.08907	0.0085	0.795	0	266
60	"m"	1	8	"B5"	5	"M_g399_pop4_rep1"	"B5"	0.959	0.00137	0.2721	0.0021	0.0679	0.00217	8.6557	0.07912	0.0078	0.71	0	399
100	"m"	1	8	"B6"	6	"M_g666_pop4_rep1"	"B6"	0.9623	0.0021	0.2665	0.00315	0.086	0.00485	9.4929	0.11529	0.0126	1.15	0	666
140	"m"	1	8	"B7"	7	"M_g932_pop4_rep1"	"B7"	0.9939	0.00688	1.1578	0.04633	0.1484	0.00484	6.0216	0.12994	0.0288	1.957	0	932
200	"m"	1	8	"B8"	8	"M_g1331_pop4_rep1"	"B8"	0.9612	0.00274	0.3394	0.00472	0.1015	0.00594	9.5988	0.12687	0.0164	1.463	0	1331
240	"m"	1	8	"B9"	9	"M_g1598_pop4_rep1"	"B9"	0.9323	0.00195	0.2985	0.00343	0.0726	0.00326	10.3436	0.11628	0.0121	1.144	0	1598
280	"m"	1	8	"B10"	10	"M_g1864_pop4_rep1"	"B10"	0.94	0.0027	0.3212	0.0045	0.0945	0.00568	9.7126	0.13403	0.0162	1.487	0	1864
1000	"jcvi"	1	8	"B11"	11	"M_jcvi_pop4_rep1"	"B11"	0.9115	0.00311	0.5767	0.00454	0.1113	0.00456	16.0107	0.13587	0.024	1.987	0	6657
20	"m"	2	8	"C3"	13	"M_g133_pop4_rep2"	"C3"	0.9468	0.00105	0.2772	0.0021	0.054	0.00136	9.9315	0.07253	0.0064	0.601	0	133
40	"m"	2	8	"C4"	14	"M_g266_pop4_rep2"	"C4"	0.9293	0.00113	0.2409	0.00195	0.0573	0.00183	9.7851	0.07872	0.0069	0.661	0	266
60	"m"	2	8	"C5"	15	"M_g399_pop4_rep2"	"C5"	0.9531	0.00123	0.2833	0.00209	0.0611	0.00164	9.0865	0.0731	0.0072	0.666	0	399
100	"m"	2	8	"C6"	16	"M_g666_pop4_rep2"	"C6"	0.9514	0.00168	0.2438	0.00269	0.0712	0.00348	10.028	0.10525	0.0103	0.974	0	666
140	"m"	2	8	"C7"	17	"M_g932_pop4_rep2"	"C7"	1.018	0.0073	0.9393	0.03731	0.1398	0.00767	7.592	0.19346	0.0345	2.437	0	932
200	"m"	2	8	"C8"	18	"M_g1331_pop4_rep2"	"C8"	0.9714	0.00256	0.2939	0.00391	0.0928	0.00567	9.7726	0.12864	0.0155	1.399	0	1331
240	"m"	2	8	"C9"	19	"M_g1598_pop4_rep2"	"C9"	0.9408	0.00252	0.3183	0.0041	0.0901	0.00497	10.0888	0.12671	0.0154	1.426	0	1598
280	"m"	2	8	"C10"	20	"M_g1864_pop4_rep2"	"C10"	0.9535	0.00255	0.3436	0.00475	0.101	0.00544	9.4823	0.11475	0.0152	1.368	0	1864
1000	"jcvi"	2	8	"C11"	21	"M_jcvi_pop4_rep2"	"C11"	0.9086	0.00291	0.5902	0.00419	0.1186	0.00447	15.8866	0.12151	0.0223	1.84	0	6657
20	"m"	3	8	"D3"	23	"M_g133_pop4_rep3"	"D3"	0.9481	0.00131	0.2585	0.00264	0.0512	0.00179	9.9057	0.09721	0.008	0.758	0	133
40	"m"	3	8	"D4"	24	"M_g266_pop4_rep3"	"D4"	0.9231	0.00116	0.2407	0.00193	0.0609	0.00203	9.621	0.07853	0.007	0.68	0	266
60	"m"	3	8	"D5"	25	"M_g399_pop4_rep3"	"D5"	0.962	0.0013	0.3153	0.00199	0.0743	0.00191	8.2124	0.0655	0.0072	0.639	0	399
100	"m"	3	8	"D6"	26	"M_g666_pop4_rep3"	"D6"	0.971	0.00305	0.3589	0.00638	0.1065	0.00658	8.4509	0.1292	0.017	1.487	0	666
140	"m"	3	8	"D7"	27	"M_g932_pop4_rep3"	"D7"	1.0052	0.00872	1.0706	0.06303	0.1342	0.00702	6.7924	0.21164	0.0363	2.539	0	932
200	"m"	3	8	"D8"	28	"M_g1331_pop4_rep3"	"D8"	0.9918	0.00259	0.277	0.00382	0.0982	0.00634	8.9257	0.12142	0.015	1.328	0	1331
240	"m"	3	8	"D9"	29	"M_g1598_pop4_rep3"	"D9"	0.9625	0.00259	0.3506	0.00454	0.0981	0.00516	10.1576	0.11919	0.016	1.432	0	1598
280	"m"	3	8	"D10"	30	"M_g1864_pop4_rep3"	"D10"	0.9471	0.00264	0.3218	0.0046	0.0948	0.00537	9.1315	0.12262	0.0154	1.402	0	1864
1000	"jcvi"	3	8	"D11"	31	"M_jcvi_pop4_rep3"	"D11"	0.9225	0.0028	0.6009	0.00403	0.1161	0.00407	15.6354	0.11553	0.0213	1.725	0	6657
10	"m"	1	8	"E2"	32	"M_g66_pop4_rep1"	"E2"	0.9067	0.00128	0.2661	0.00369	0.0504	0.00193	12.1857	0.11336	0.0086	0.866	0	67
30	"m"	1	8	"E3"	33	"M_g200_pop4_rep1"	"E3"	0.9402	0.00105	0.2518	0.0019	0.0524	0.00144	9.3338	0.07571	0.0062	0.591	0	200
50	"m"	1	8	"E4"	34	"M_g333_pop4_rep1"	"E4"	0.9369	0.00112	0.2485	0.00176	0.0645	0.00194	9.1474	0.07024	0.0066	0.621	0	333
80	"m"	1	8	"E5"	35	"M_g533_pop4_rep1"	"E5"	0.9521	0.00119	0.2414	0.00181	0.0669	0.00221	8.9688	0.07255	0.0069	0.647	1	533
120	"m"	1	8	"E6"	36	"M_g799_pop4_rep1"	"E6"	0.9446	0.00145	0.2316	0.00249	0.0577	0.00246	10.1482	0.10456	0.009	0.858	0	799
160	"m"	1	8	"E7"	37	"M_g1065_pop4_rep1"	"E7"	0.9569	0.00269	0.3785	0.00566	0.1087	0.00576	9.2652	0.11266	0.0158	1.4	0	1065
220	"m"	1	8	"E8"	38	"M_g1464_pop4_rep1"	"E8"	0.9588	0.00285	0.3924	0.00552	0.1202	0.00639	9.0173	0.10786	0.0166	1.45	0	1464
260	"m"	1	8	"E9"	39	"M_g1731_pop4_rep1"	"E9"	0.9427	0.00247	0.3125	0.00414	0.0966	0.00545	9.7444	0.11738	0.015	1.38	0	1731
300	"m"	1	8	"E10"	40	"M_g1997_pop4_rep1"	"E10"	0.9075	0.00229	0.3178	0.0035	0.0873	0.00502	13.6322	0.14186	0.0163	1.501	0	1997
10	"m"	2	8	"F2"	41	"M_g66_pop4_rep2"	"F2"	0.9289	0.00156	0.2227	0.00312	0.0574	0.00308	11.6836	0.12142	0.0104	1.031	0	67
30	"m"	2	8	"F3"	42	"M_g200_pop4_rep2"	"F3"	0.9484	0.00102	0.2131	0.00168	0.053	0.00173	9.4493	0.07776	0.0061	0.584	0	200
50	"m"	2	8	"F4"	43	"M_g333_pop4_rep2"	"F4"	0.9315	0.00144	0.2085	0.00238	0.0487	0.00212	9.3088	0.11183	0.0085	0.83	0	333
80	"m"	2	8	"F5"	44	"M_g533_pop4_rep2"	"F5"	0.9531	0.00138	0.2592	0.00202	0.0805	0.00297	8.7725	0.07429	0.008	0.736	0	533
120	"m"	2	8	"F6"	45	"M_g799_pop4_rep2"	"F6"	0.9624	0.00206	0.2588	0.00313	0.0801	0.00442	9.5836	0.11716	0.0124	1.142	0	799
160	"m"	2	8	"F7"	46	"M_g1065_pop4_rep2"	"F7"	0.9554	0.00254	0.3057	0.00406	0.0971	0.00578	9.8127	0.12313	0.0155	1.408	0	1065
220	"m"	2	8	"F8"	47	"M_g1464_pop4_rep2"	"F8"	0.9625	0.00176	0.2683	0.00278	0.069	0.00296	9.3282	0.10565	0.0104	0.952	0	1464
260	"m"	2	8	"F9"	48	"M_g1731_pop4_rep2"	"F9"	0.9528	0.00246	0.3127	0.00411	0.0947	0.00529	9.6429	0.11891	0.0148	1.351	0	1731
300	"m"	2	8	"F10"	49	"M_g1997_pop4_rep2"	"F10"	0.9091	0.00248	0.3487	0.00416	0.0922	0.00529	13.5101	0.14431	0.0175	1.598	0	1997
10	"m"	3	8	"G2"	50	"M_g66_pop4_rep3"	"G2"	0.9176	0.00104	0.2586	0.00305	0.0452	0.00136	11.7417	0.09312	0.0068	0.68	0	67
30	"m"	3	8	"G3"	51	"M_g200_pop4_rep3"	"G3"	0.9564	0.00112	0.2113	0.0018	0.0543	0.00194	9.3632	0.08525	0.0067	0.632	0	200
50	"m"	3	8	"G4"	52	"M_g333_pop4_rep3"	"G4"	0.9481	0.00166	0.2591	0.00244	0.0731	0.00304	8.6279	0.09468	0.0094	0.873	0	333
80	"m"	3	8	"G5"	53	"M_g533_pop4_rep3"	"G5"	0.9595	0.00129	0.2341	0.0019	0.0652	0.00232	8.6034	0.08016	0.0073	0.679	0	533
120	"m"	3	8	"G6"	54	"M_g799_pop4_rep3"	"G6"	0.9578	0.00146	0.2273	0.00238	0.0591	0.00257	9.7899	0.10468	0.0088	0.831	0	799
160	"m"	3	8	"G7"	55	"M_g1065_pop4_rep3"	"G7"	0.9598	0.00134	0.2374	0.00226	0.0574	0.00214	9.8328	0.09496	0.0081	0.761	0	1065
220	"m"	3	8	"G8"	56	"M_g1464_pop4_rep3"	"G8"	0.9771	0.00144	0.2409	0.00221	0.0623	0.00235	9.0097	0.09155	0.0084	0.764	0	1464
260	"m"	3	8	"G9"	57	"M_g1731_pop4_rep3"	"G9"	0.9641	0.00206	0.2912	0.00325	0.0819	0.004	9.7273	0.11215	0.0124	1.13	0	1731
300	"m"	3	8	"G10"	58	"M_g1997_pop4_rep3"	"G10"	0.9152	0.00207	0.2848	0.00293	0.083	0.00477	13.5343	0.13481	0.0148	1.367	0	1997
